Reduced Chi square = 16.160400
A_u = -142.964012 +/- 76163074.345307
A_l = 4714.835957 +/- 125561236.342208
A_u/A_l = -0.030322 +/- 16174.088820
B_u = -378.755605 +/- 245761757.435471
B_l = 0.000000 +/- 0.005580
Centroid = 1116.603825 +/- 16775816.558441
Bg = 335.227033 +/- 22641533.622670 
FWHM = 166.249061 +/- 109081920.283491
ep = 0.999878 +/- 444673448541.595215
